#File generated by random_sampling.py
# Date : Tue Apr 15 15:31:10 2014
#
# Initial size  : 20000
# sampled size  : 4000
# sampling ratio: 0.200000
# Dwell time    : 0.003300
# linear zone   : 100
#
0.000000
0.003300
0.006600
0.009900
0.013200
0.016500
0.019800
0.023100
0.026400
0.029700
0.033000
0.036300
0.039600
0.042900
0.046200
0.049500
0.052800
0.056100
0.059400
0.062700
0.066000
0.069300
0.072600
0.075900
0.079200
0.082500
0.085800
0.089100
0.092400
0.095700
0.099000
0.102300
0.105600
0.108900
0.112200
0.115500
0.118800
0.122100
0.125400
0.128700
0.132000
0.135300
0.138600
0.141900
0.145200
0.148500
0.151800
0.155100
0.158400
0.161700
0.165000
0.168300
0.171600
0.174900
0.178200
0.181500
0.184800
0.188100
0.191400
0.194700
0.198000
0.201300
0.204600
0.207900
0.211200
0.214500
0.217800
0.221100
0.224400
0.227700
0.231000
0.234300
0.237600
0.240900
0.244200
0.247500
0.250800
0.254100
0.257400
0.260700
0.264000
0.267300
0.270600
0.273900
0.277200
0.280500
0.283800
0.287100
0.290400
0.293700
0.297000
0.300300
0.303600
0.306900
0.310200
0.313500
0.316800
0.320100
0.323400
0.326700
0.330000
0.330000
0.346500
0.359700
0.363000
0.363000
0.399300
0.409200
0.442200
0.448800
0.478500
0.478500
0.498300
0.521400
0.528000
0.554400
0.587400
0.610500
0.613800
0.613800
0.640200
0.643500
0.643500
0.660000
0.679800
0.679800
0.696300
0.699600
0.712800
0.722700
0.749100
0.785400
0.815100
0.831600
0.864600
0.867900
0.881100
0.907500
0.910800
0.943800
0.966900
0.966900
0.980100
0.980100
0.980100
1.009800
1.023000
1.052700
1.072500
1.089000
1.089000
1.098900
1.108800
1.131900
1.148400
1.168200
1.178100
1.181400
1.201200
1.230900
1.257300
1.270500
1.270500
1.303500
1.316700
1.349700
1.366200
1.392600
1.395900
1.419000
1.445400
1.452000
1.485000
1.521300
1.527900
1.544400
1.554300
1.590600
1.623600
1.653300
1.686300
1.686300
1.709400
1.739100
1.758900
1.788600
1.795200
1.818300
1.818300
1.851300
1.874400
1.904100
1.914000
1.917300
1.940400
1.940400
1.953600
1.966800
1.993200
2.006400
2.032800
2.032800
2.052600
2.065800
2.072400
2.085600
2.098800
2.128500
2.154900
2.191200
2.194500
2.201100
2.220900
2.220900
2.240700
2.257200
2.280300
2.303400
2.313300
2.316600
2.343000
2.376000
2.402400
2.428800
2.438700
2.471700
2.484900
2.517900
2.537700
2.541000
2.567400
2.587200
2.587200
2.620200
2.643300
2.673000
2.706000
2.725800
2.729100
2.762100
2.765400
2.795100
2.795100
2.814900
2.818200
2.834700
2.851200
2.877600
2.900700
2.933700
2.937000
2.950200
2.960100
2.970000
2.989800
3.006300
3.029400
3.032700
3.052500
3.069000
3.085500
3.085500
3.118500
3.138300
3.158100
3.168000
3.174600
3.191100
3.201000
3.201000
3.204300
3.230700
3.230700
3.247200
3.253800
3.257100
3.270300
3.283500
3.286800
3.313200
3.342900
3.359400
3.372600
3.402300
3.435300
3.438600
3.468300
3.484800
3.517800
3.517800
3.544200
3.573900
3.603600
3.616800
3.639900
3.649800
3.649800
3.682800
3.696000
3.732300
3.735600
3.752100
3.775200
3.808200
3.824700
3.831300
3.854400
3.857700
3.884100
3.897300
3.900600
3.933600
3.936900
3.960000
3.973200
3.996300
4.012800
4.042500
4.055700
4.075500
4.082100
4.111800
4.144800
4.154700
4.191000
4.217400
4.250400
4.266900
4.293300
4.326300
4.339500
4.365900
4.372500
4.398900
4.428600
4.455000
4.484700
4.514400
4.534200
4.570500
4.600200
4.603500
4.613400
4.639800
4.656300
4.666200
4.676100
4.686000
4.712400
4.719000
4.728900
4.761900
4.791600
4.804800
4.824600
4.831200
4.834500
4.851000
4.851000
4.867500
4.874100
4.900500
4.907100
4.917000
4.923600
4.953300
4.966500
4.989600
4.999500
5.002800
5.029200
5.042400
5.075400
5.098500
5.108400
5.121600
5.151300
5.154600
5.157900
5.174400
5.197500
5.200800
5.210700
5.243700
5.243700
5.247000
5.253600
5.273400
5.283300
5.286600
5.319600
5.332800
5.362500
5.379000
5.392200
5.421900
5.445000
5.454900
5.478000
5.487900
5.514300
5.530800
5.540700
5.544000
5.567100
5.567100
5.583600
5.613300
5.649600
5.662800
5.682600
5.715600
5.738700
5.771700
5.798100
5.798100
5.808000
5.831100
5.857500
5.874000
5.890500
5.907000
5.930100
5.930100
5.949900
5.956500
5.986200
6.009300
6.045600
6.052200
6.081900
6.085200
6.118200
6.144600
6.154500
6.164400
6.171000
6.187500
6.190800
6.190800
6.190800
6.220500
6.253500
6.286500
6.303000
6.312900
6.332700
6.359100
6.369000
6.372300
6.402000
6.415200
6.438300
6.448200
6.448200
6.461400
6.461400
6.487800
6.510900
6.530700
6.563700
6.600000
6.626400
6.649500
6.679200
6.699000
6.725400
6.725400
6.751800
6.761700
6.761700
6.771600
6.774900
6.784800
6.798000
6.807900
6.821100
6.834300
6.837600
6.847500
6.850800
6.867300
6.867300
6.877200
6.877200
6.890400
6.900300
6.913500
6.936600
6.963000
6.969600
6.996000
7.022400
7.022400
7.029000
7.052100
7.058700
7.071900
7.081800
7.098300
7.101600
7.118100
7.141200
7.147800
7.177500
7.200600
7.220400
7.256700
7.286400
7.299600
7.299600
7.319400
7.329300
7.329300
7.332600
7.362300
7.375500
7.388700
7.418400
7.444800
7.464600
7.467900
7.471200
7.500900
7.507500
7.533900
7.540500
7.576800
7.593300
7.613100
7.616400
7.626300
7.632900
7.659300
7.665900
7.682400
7.692300
7.702200
7.718700
7.738500
7.764900
7.791300
7.791300
7.807800
7.824300
7.847400
7.857300
7.870500
7.903500
7.913400
7.916700
7.929900
7.949700
7.966200
8.002500
8.015700
8.035500
8.052000
8.052000
8.055300
8.065200
8.094900
8.101500
8.124600
8.154300
8.187300
8.207100
8.233500
8.233500
8.243400
8.243400
8.269800
8.302800
8.309400
8.325900
8.345700
8.375400
8.395200
8.421600
8.421600
8.424900
8.424900
8.434800
8.434800
8.464500
8.474400
8.497500
8.523900
8.533800
8.556900
8.560200
8.560200
8.566800
8.566800
8.586600
8.606400
8.609700
8.609700
8.636100
8.636100
8.669100
8.675700
8.675700
8.708700
8.728500
8.741700
8.768100
8.787900
8.791200
8.801100
8.811000
8.827500
8.834100
8.840700
8.844000
8.844000
8.873700
8.890200
8.903400
8.910000
8.936400
8.946300
8.956200
8.969400
9.005700
9.025500
9.055200
9.084900
9.104700
9.104700
9.134400
9.150900
9.167400
9.180600
9.197100
9.216900
9.220200
9.230100
9.253200
9.269700
9.276300
9.299400
9.315900
9.348900
9.378600
9.408300
9.414900
9.438000
9.461100
9.461100
9.477600
9.507300
9.513900
9.550200
9.576600
9.596400
9.626100
9.655800
9.665700
9.678900
9.702000
9.715200
9.738300
9.768000
9.771300
9.781200
9.804300
9.824100
9.827400
9.843900
9.843900
9.873600
9.893400
9.916500
9.919800
9.919800
9.929700
9.949500
9.979200
9.982500
9.992400
10.012200
10.041900
10.071600
10.104600
10.137600
10.154100
10.164000
10.167300
10.170600
10.193700
10.203600
10.226700
10.256400
10.282800
10.312500
10.345500
10.355400
10.371900
10.395000
10.395000
10.408200
10.418100
10.444500
10.447800
10.474200
10.490700
10.527000
10.536900
10.569900
10.602900
10.635900
10.659000
10.682100
10.701900
10.738200
10.754700
10.781100
10.791000
10.820700
10.827300
10.847100
10.876800
10.896600
10.896600
10.913100
10.932900
10.952700
10.979100
10.989000
11.002200
11.025300
11.058300
11.068200
11.091300
11.101200
11.130900
11.163900
11.187000
11.216700
11.236500
11.249700
11.256300
11.266200
11.269500
11.269500
11.269500
11.279400
11.282700
11.286000
11.286000
11.295900
11.325600
11.328900
11.335500
11.361900
11.391600
11.427900
11.441100
11.444400
11.477400
11.507100
11.513700
11.523600
11.546700
11.579700
11.592900
11.619300
11.642400
11.665500
11.672100
11.691900
11.728200
11.741400
11.751300
11.777700
11.807400
11.827200
11.833800
11.863500
11.893200
11.909700
11.939400
11.939400
11.952600
11.959200
11.988900
12.012000
12.045000
12.061500
12.091200
12.124200
12.153900
12.183600
12.200100
12.206700
12.206700
12.233100
12.243000
12.262800
12.272700
12.289200
12.318900
12.332100
12.365100
12.368400
12.375000
12.408000
12.431100
12.441000
12.477300
12.487200
12.490500
12.523500
12.530100
12.536700
12.573000
12.599400
12.606000
12.622500
12.625800
12.655500
12.681900
12.705000
12.738000
12.757800
12.771000
12.784200
12.817200
12.833700
12.863400
12.873300
12.896400
12.929400
12.952500
12.965700
12.982200
13.005300
13.025100
13.054800
13.091100
13.091100
13.104300
13.110900
13.120800
13.120800
13.140600
13.140600
13.176900
13.206600
13.233000
13.249500
13.252800
13.256100
13.256100
13.279200
13.285800
13.308900
13.332000
13.365000
13.381500
13.388100
13.414500
13.417800
13.431000
13.457400
13.470600
13.500300
13.523400
13.533300
13.543200
13.572900
13.582800
13.612500
13.615800
13.638900
13.648800
13.668600
13.704900
13.724700
13.747800
13.770900
13.777500
13.787400
13.813800
13.820400
13.833600
13.833600
13.850100
13.879800
13.879800
13.883100
13.889700
13.893000
13.893000
13.899600
13.906200
13.939200
13.949100
13.962300
13.962300
13.988700
13.995300
14.018400
14.051400
14.058000
14.077800
14.097600
14.124000
14.157000
14.166900
14.170200
14.193300
14.226300
14.229600
14.242800
14.246100
14.269200
14.275800
14.308800
14.328600
14.335200
14.361600
14.394600
14.414400
14.427600
14.440800
14.440800
14.450700
14.454000
14.470500
14.470500
14.477100
14.483700
14.500200
14.516700
14.533200
14.533200
14.569500
14.572800
14.599200
14.622300
14.645400
14.668500
14.681700
14.704800
14.734500
14.760900
14.777400
14.777400
14.793900
14.793900
14.793900
14.793900
14.793900
14.823600
14.853300
14.856600
14.883000
14.899500
14.919300
14.945700
14.962200
14.991900
15.021600
15.028200
15.048000
15.067800
15.081000
15.107400
15.107400
15.120600
15.140400
15.156900
15.189900
15.222900
15.239400
15.246000
15.265800
15.288900
15.321900
15.325200
15.331800
15.358200
15.384600
15.384600
15.411000
15.411000
15.434100
15.437400
15.457200
15.470400
15.496800
15.513300
15.539700
15.546300
15.582600
15.592500
15.599100
15.612300
15.642000
15.655200
15.678300
15.708000
15.711300
15.731100
15.757500
15.783900
15.820200
15.820200
15.853200
15.863100
15.892800
15.902700
15.919200
15.919200
15.955500
15.988500
16.014900
16.018200
16.018200
16.018200
16.031400
16.061100
16.067700
16.097400
16.110600
16.110600
16.146900
16.163400
16.170000
16.199700
16.222800
16.229400
16.255800
16.272300
16.278900
16.288800
16.315200
16.341600
16.364700
16.397700
16.404300
16.437300
16.437300
16.467000
16.483500
16.483500
16.513200
16.533000
16.556100
16.575900
16.585800
16.622100
16.622100
16.648500
16.648500
16.678200
16.698000
16.724400
16.724400
16.737600
16.740900
16.757400
16.760700
16.797000
16.830000
16.863000
16.863000
16.863000
16.889400
16.902600
16.915800
16.922400
16.948800
16.981800
17.001600
17.021400
17.057700
17.090700
17.117100
17.146800
17.150100
17.179800
17.189700
17.206200
17.212800
17.229300
17.242500
17.255700
17.272200
17.282100
17.301900
17.318400
17.334900
17.348100
17.361300
17.391000
17.427300
17.453700
17.473500
17.496600
17.496600
17.509800
17.536200
17.556000
17.559300
17.572500
17.582400
17.605500
17.618700
17.648400
17.681400
17.694600
17.717700
17.740800
17.740800
17.744100
17.744100
17.757300
17.763900
17.787000
17.790300
17.820000
17.839800
17.853000
17.882700
17.902500
17.909100
17.932200
17.961900
17.975100
18.004800
18.018000
18.041100
18.041100
18.060900
18.077400
18.090600
18.090600
18.093900
18.103800
18.120300
18.133500
18.143400
18.150000
18.179700
18.212700
18.229200
18.235800
18.235800
18.262200
18.265500
18.285300
18.298500
18.301800
18.328200
18.331500
18.348000
18.371100
18.400800
18.414000
18.417300
18.440400
18.456900
18.463500
18.480000
18.483300
18.503100
18.526200
18.552600
18.552600
18.579000
18.602100
18.631800
18.661500
18.661500
18.661500
18.661500
18.668100
18.671400
18.701100
18.727500
18.744000
18.750600
18.753900
18.757200
18.760500
18.796800
18.829800
18.839700
18.849600
18.879300
18.889200
18.915600
18.925500
18.932100
18.951900
18.965100
18.965100
18.971700
18.994800
19.017900
19.041000
19.067400
19.080600
19.090500
19.090500
19.090500
19.110300
19.136700
19.166400
19.202700
19.202700
19.209300
19.239000
19.262100
19.275300
19.291800
19.295100
19.305000
19.334700
19.354500
19.374300
19.387500
19.390800
19.394100
19.427100
19.433700
19.466700
19.493100
19.506300
19.522800
19.549200
19.552500
19.555800
19.582200
19.595400
19.595400
19.608600
19.635000
19.651500
19.677900
19.710900
19.730700
19.760400
19.770300
19.776900
19.776900
19.793400
19.806600
19.819800
19.836300
19.856100
19.882500
19.885800
19.912200
19.935300
19.971600
20.007900
20.034300
20.067300
20.073900
20.083800
20.090400
20.103600
20.116800
20.126700
20.126700
20.143200
20.172900
20.182800
20.209200
20.238900
20.255400
20.271900
20.275200
20.308200
20.331300
20.364300
20.390700
20.390700
20.397300
20.407200
20.417100
20.433600
20.436900
20.469900
20.499600
20.506200
20.509500
20.522700
20.522700
20.549100
20.552400
20.578800
20.592000
20.598600
20.618400
20.625000
20.644800
20.644800
20.674500
20.677800
20.704200
20.724000
20.740500
20.757000
20.776800
20.793300
20.823000
20.823000
20.839500
20.862600
20.895600
20.922000
20.931900
20.968200
20.978100
20.984700
20.994600
21.011100
21.030900
21.060600
21.083700
21.100200
21.123300
21.143100
21.159600
21.192600
21.219000
21.228900
21.235500
21.252000
21.281700
21.314700
21.318000
21.344400
21.374100
21.393900
21.397200
21.420300
21.443400
21.466500
21.496200
21.496200
21.522600
21.522600
21.555600
21.591900
21.624900
21.651300
21.667800
21.690900
21.704100
21.707400
21.740400
21.756900
21.786600
21.796500
21.822900
21.836100
21.869100
21.879000
21.898800
21.918600
21.941700
21.954900
21.987900
21.991200
22.017600
22.017600
22.044000
22.053900
22.057200
22.077000
22.077000
22.100100
22.116600
22.133100
22.162800
22.189200
22.205700
22.235400
22.245300
22.271700
22.275000
22.281600
22.304700
22.321200
22.344300
22.360800
22.367400
22.387200
22.400400
22.407000
22.426800
22.446600
22.449900
22.463100
22.496100
22.522500
22.529100
22.542300
22.555500
22.581900
22.598400
22.621500
22.631400
22.661100
22.687500
22.700700
22.727100
22.737000
22.750200
22.779900
22.809600
22.845900
22.869000
22.892100
22.925100
22.935000
22.951500
22.977900
23.001000
23.024100
23.030700
23.037300
23.067000
23.073600
23.096700
23.126400
23.149500
23.179200
23.185800
23.212200
23.235300
23.248500
23.274900
23.281500
23.284800
23.311200
23.314500
23.317800
23.321100
23.327700
23.360700
23.364000
23.380500
23.413500
23.449800
23.479500
23.515800
23.548800
23.555400
23.585100
23.608200
23.634600
23.641200
23.651100
23.680800
23.700600
23.700600
23.730300
23.736900
23.769900
23.773200
23.779800
23.779800
23.786400
23.819400
23.832600
23.842500
23.872200
23.888700
23.921700
23.925000
23.925000
23.961300
23.984400
23.987700
24.004200
24.017400
24.047100
24.076800
24.090000
24.106500
24.132900
24.149400
24.152700
24.159300
24.185700
24.195600
24.225300
24.238500
24.255000
24.271500
24.281400
24.297900
24.317700
24.340800
24.360600
24.390300
24.390300
24.400200
24.403500
24.416700
24.449700
24.479400
24.486000
24.499200
24.532200
24.545400
24.548700
24.561900
24.561900
24.571800
24.594900
24.611400
24.637800
24.644400
24.660900
24.684000
24.713700
24.740100
24.740100
24.759900
24.759900
24.796200
24.809400
24.832500
24.852300
24.882000
24.901800
24.934800
24.938100
24.954600
24.964500
24.984300
24.997500
25.010700
25.037100
25.040400
25.060200
25.070100
25.103100
25.129500
25.132800
25.149300
25.152600
25.185600
25.202100
25.215300
25.218600
25.245000
25.258200
25.281300
25.297800
25.304400
25.327500
25.330800
25.334100
25.347300
25.370400
25.396800
25.416600
25.439700
25.472700
25.472700
25.499100
25.528800
25.528800
25.555200
25.575000
25.608000
25.621200
25.647600
25.654200
25.660800
25.693800
25.726800
25.753200
25.779600
25.786200
25.792800
25.799400
25.819200
25.832400
25.855500
25.865400
25.891800
25.924800
25.931400
25.947900
25.977600
25.980900
25.984200
25.984200
26.017200
26.040300
26.070000
26.096400
26.112900
26.142600
26.165700
26.165700
26.172300
26.192100
26.211900
26.211900
26.244900
26.264700
26.271300
26.271300
26.304300
26.307600
26.307600
26.327400
26.327400
26.337300
26.370300
26.376900
26.406600
26.406600
26.416500
26.426400
26.449500
26.479200
26.505600
26.535300
26.565000
26.571600
26.607900
26.614500
26.627700
26.647500
26.650800
26.660700
26.687100
26.706900
26.713500
26.743200
26.776200
26.796000
26.825700
26.845500
26.855400
26.858700
26.858700
26.875200
26.888400
26.921400
26.921400
26.937900
26.941200
26.961000
26.964300
26.997300
27.007200
27.017100
27.043500
27.050100
27.060000
27.066600
27.099600
27.106200
27.132600
27.139200
27.149100
27.182100
27.211800
27.218400
27.228300
27.234900
27.241500
27.271200
27.284400
27.294300
27.314100
27.347100
27.360300
27.386700
27.396600
27.406500
27.416400
27.423000
27.452700
27.469200
27.479100
27.495600
27.528600
27.541800
27.568200
27.568200
27.601200
27.601200
27.634200
27.663900
27.670500
27.673800
27.677100
27.710100
27.743100
27.776100
27.795900
27.832200
27.858600
27.861900
27.868500
27.891600
27.924600
27.934500
27.960900
27.970800
27.984000
27.993900
28.023600
28.033500
28.063200
28.096200
28.106100
28.125900
28.125900
28.135800
28.139100
28.142400
28.152300
28.182000
28.208400
28.231500
28.264500
28.297500
28.310700
28.337100
28.373400
28.373400
28.373400
28.376700
28.399800
28.413000
28.419600
28.419600
28.432800
28.442700
28.469100
28.485600
28.512000
28.528500
28.561500
28.561500
28.584600
28.607700
28.627500
28.644000
28.647300
28.647300
28.653900
28.667100
28.673700
28.696800
28.703400
28.710000
28.723200
28.733100
28.752900
28.779300
28.809000
28.842000
28.868400
28.898100
28.924500
28.934400
28.947600
28.957500
28.964100
28.977300
28.987200
29.003700
29.016900
29.026800
29.033400
29.040000
29.046600
29.076300
29.086200
29.115900
29.119200
29.119200
29.142300
29.148900
29.148900
29.162100
29.185200
29.218200
29.218200
29.238000
29.244600
29.267700
29.274300
29.294100
29.323800
29.333700
29.360100
29.360100
29.379900
29.393100
29.416200
29.419500
29.452500
29.475600
29.498700
29.508600
29.538300
29.544900
29.548200
29.571300
29.607600
29.627400
29.643900
29.673600
29.696700
29.706600
29.723100
29.723100
29.736300
29.739600
29.739600
29.769300
29.789100
29.802300
29.828700
29.855100
29.888100
29.898000
29.921100
29.947500
29.973900
30.003600
30.033300
30.036600
30.056400
30.069600
30.072900
30.082800
30.096000
30.125700
30.132300
30.165300
30.181800
30.211500
30.214800
30.231300
30.231300
30.231300
30.241200
30.264300
30.290700
30.297300
30.300600
30.303900
30.310500
30.336900
30.356700
30.369900
30.393000
30.426000
30.429300
30.452400
30.455700
30.462300
30.468900
30.488700
30.518400
30.541500
30.571200
30.577800
30.584400
30.607500
30.607500
30.614100
30.617400
30.630600
30.660300
30.693300
30.713100
30.732900
30.759300
30.792300
30.825300
30.851700
30.864900
30.884700
30.901200
30.914400
30.924300
30.937500
30.947400
30.954000
30.963900
30.963900
30.980400
31.013400
31.043100
31.049700
31.059600
31.059600
31.062900
31.095900
31.109100
31.142100
31.161900
31.178400
31.191600
31.208100
31.237800
31.257600
31.284000
31.300500
31.333500
31.363200
31.386300
31.406100
31.406100
31.439100
31.442400
31.472100
31.501800
31.521600
31.524900
31.534800
31.557900
31.557900
31.574400
31.584300
31.614000
31.623900
31.653600
31.663500
31.693200
31.703100
31.736100
31.765800
31.765800
31.782300
31.805400
31.835100
31.864800
31.887900
31.911000
31.917600
31.930800
31.944000
31.960500
31.977000
31.980300
32.000100
32.006700
32.016600
32.023200
32.026500
32.052900
32.056200
32.076000
32.099100
32.105700
32.109000
32.138700
32.138700
32.145300
32.165100
32.198100
32.201400
32.234400
32.250900
32.277300
32.287200
32.287200
32.293800
32.310300
32.316900
32.346600
32.376300
32.392800
32.392800
32.396100
32.429100
32.452200
32.485200
32.495100
32.524800
32.544600
32.554500
32.561100
32.584200
32.584200
32.610600
32.610600
32.623800
32.637000
32.666700
32.666700
32.696400
32.729400
32.762400
32.785500
32.788800
32.821800
32.844900
32.877900
32.884500
32.907600
32.927400
32.950500
32.973600
32.980200
33.009900
33.013200
33.046200
33.079200
33.089100
33.118800
33.132000
33.161700
33.174900
33.198000
33.234300
33.257400
33.283800
33.283800
33.300300
33.313500
33.320100
33.343200
33.349800
33.363000
33.372900
33.372900
33.396000
33.412500
33.425700
33.452100
33.478500
33.491700
33.511500
33.511500
33.544500
33.554400
33.564300
33.587400
33.610500
33.627000
33.653400
33.686400
33.706200
33.712800
33.726000
33.752400
33.775500
33.778800
33.795300
33.818400
33.851400
33.874500
33.897600
33.917400
33.937200
33.966900
33.980100
34.006500
34.032900
34.039500
34.065900
34.072500
34.089000
34.105500
34.112100
34.118700
34.122000
34.125300
34.138500
34.171500
34.197900
34.224300
34.230900
34.260600
34.283700
34.293600
34.316700
34.329900
34.353000
34.382700
34.419000
34.435500
34.435500
34.438800
34.445400
34.465200
34.481700
34.504800
34.534500
34.541100
34.574100
34.597200
34.610400
34.640100
34.666500
34.676400
34.676400
34.686300
34.696200
34.702800
34.712700
34.725900
34.758900
34.778700
34.795200
34.798500
34.815000
34.828200
34.844700
34.874400
34.877700
34.877700
34.877700
34.900800
34.910700
34.920600
34.947000
34.980000
34.999800
35.019600
35.052600
35.062500
35.088900
35.095500
35.095500
35.108700
35.125200
35.154900
35.187900
35.197800
35.211000
35.240700
35.253900
35.286900
35.323200
35.346300
35.349600
35.362800
35.369400
35.379300
35.405700
35.415600
35.432100
35.445300
35.465100
35.491500
35.511300
35.517900
35.527800
35.554200
35.567400
35.587200
35.610300
35.626800
35.653200
35.659800
35.669700
35.696100
35.696100
35.696100
35.719200
35.735700
35.739000
35.758800
35.775300
35.791800
35.805000
35.838000
35.861100
35.874300
35.887500
35.920500
35.930400
35.937000
35.966700
35.986500
36.003000
36.006300
36.019500
36.026100
36.059100
36.059100
36.078900
36.095400
36.111900
36.111900
36.135000
36.148200
36.174600
36.204300
36.210900
36.220800
36.224100
36.224100
36.250500
36.257100
36.273600
36.309900
36.323100
36.333000
36.336300
36.366000
36.372600
36.402300
36.408900
36.428700
36.448500
36.478200
36.481500
36.481500
36.491400
36.501300
36.504600
36.527700
36.531000
36.564000
36.593700
36.593700
36.597000
36.606900
36.636600
36.666300
36.696000
36.729000
36.748800
36.768600
36.788400
36.795000
36.818100
36.818100
36.824700
36.854400
36.887400
36.903900
36.930300
36.943500
36.943500
36.953400
36.953400
36.973200
36.989700
37.002900
37.032600
37.062300
37.092000
37.098600
37.111800
37.125000
37.128300
37.131600
37.138200
37.154700
37.174500
37.194300
37.194300
37.224000
37.250400
37.253700
37.253700
37.266900
37.296600
37.296600
37.329600
37.359300
37.392300
37.395600
37.422000
37.455000
37.461600
37.491300
37.494600
37.527600
37.544100
37.577100
37.590300
37.623300
37.629900
37.662900
37.699200
37.705800
37.728900
37.732200
37.748700
37.755300
37.755300
37.785000
37.785000
37.794900
37.831200
37.857600
37.870800
37.890600
37.907100
37.923600
37.923600
37.923600
37.940100
37.953300
37.956600
37.976400
37.979700
38.002800
38.032500
38.062200
38.072100
38.082000
38.118300
38.118300
38.131500
38.144700
38.174400
38.200800
38.210700
38.233800
38.233800
38.256900
38.270100
38.286600
38.313000
38.322900
38.329500
38.329500
38.349300
38.362500
38.369100
38.395500
38.415300
38.448300
38.471400
38.481300
38.507700
38.514300
38.550600
38.567100
38.593500
38.596800
38.629800
38.646300
38.649600
38.666100
38.689200
38.715600
38.742000
38.748600
38.761800
38.778300
38.784900
38.794800
38.801400
38.801400
38.831100
38.831100
38.841000
38.874000
38.880600
38.887200
38.916900
38.933400
38.940000
38.943300
38.956500
38.976300
38.976300
38.996100
39.002700
39.015900
39.015900
39.022500
39.045600
39.068700
39.078600
39.101700
39.128100
39.131400
39.151200
39.171000
39.171000
39.190800
39.213900
39.213900
39.240300
39.250200
39.263400
39.289800
39.322800
39.326100
39.349200
39.375600
39.398700
39.428400
39.464700
39.474600
39.491100
39.491100
39.491100
39.494400
39.524100
39.547200
39.547200
39.547200
39.567000
39.596700
39.623100
39.642900
39.659400
39.666000
39.679200
39.695700
39.705600
39.735300
39.761700
39.791400
39.814500
39.840900
39.860700
39.864000
39.880500
39.913500
39.939900
39.959700
39.966300
39.982800
39.996000
39.996000
40.009200
40.022400
40.032300
40.052100
40.075200
40.075200
40.091700
40.108200
40.141200
40.157700
40.184100
40.187400
40.197300
40.217100
40.250100
40.266600
40.296300
40.302900
40.326000
40.359000
40.365600
40.398600
40.411800
40.438200
40.438200
40.438200
40.441500
40.458000
40.464600
40.474500
40.484400
40.504200
40.504200
40.507500
40.524000
40.557000
40.563600
40.599900
40.603200
40.629600
40.629600
40.636200
40.639500
40.642800
40.675800
40.708800
40.708800
40.738500
40.741800
40.764900
40.794600
40.821000
40.830900
40.847400
40.857300
40.890300
40.900200
40.906800
40.926600
40.943100
40.943100
40.949700
40.959600
40.986000
41.005800
41.015700
41.032200
41.042100
41.068500
41.081700
41.101500
41.118000
41.121300
41.141100
41.160900
41.187300
41.190600
41.223600
41.246700
41.256600
41.273100
41.286300
41.302800
41.309400
41.316000
41.339100
41.358900
41.382000
41.401800
41.401800
41.418300
41.424900
41.448000
41.457900
41.457900
41.457900
41.467800
41.487600
41.523900
41.556900
41.556900
41.576700
41.589900
41.599800
41.619600
41.642700
41.662500
41.692200
41.698800
41.715300
41.735100
41.768100
41.781300
41.797800
41.807700
41.834100
41.867100
41.886900
41.893500
41.893500
41.910000
41.916600
41.943000
41.946300
41.946300
41.952900
41.956200
41.962800
41.969400
41.982600
41.989200
42.009000
42.025500
42.051900
42.055200
42.058500
42.058500
42.075000
42.098100
42.124500
42.137700
42.157500
42.157500
42.170700
42.180600
42.190500
42.223500
42.236700
42.259800
42.276300
42.292800
42.312600
42.339000
42.339000
42.362100
42.365400
42.395100
42.418200
42.424800
42.438000
42.471000
42.504000
42.504000
42.510600
42.523800
42.533700
42.556800
42.576600
42.579900
42.603000
42.636000
42.642600
42.672300
42.685500
42.705300
42.705300
42.728400
42.754800
42.784500
42.797700
42.801000
42.814200
42.834000
42.837300
42.850500
42.853800
42.860400
42.860400
42.880200
42.900000
42.916500
42.923100
42.923100
42.942900
42.942900
42.952800
42.982500
42.989100
42.999000
43.008900
43.012200
43.015500
43.041900
43.065000
43.071600
43.081500
43.094700
43.124400
43.150800
43.160700
43.187100
43.206900
43.210200
43.213500
43.233300
43.233300
43.249800
43.266300
43.279500
43.305900
43.338900
43.342200
43.371900
43.391700
43.391700
43.395000
43.424700
43.441200
43.464300
43.474200
43.490700
43.490700
43.527000
43.553400
43.576500
43.596300
43.622700
43.659000
43.678800
43.708500
43.738200
43.744800
43.751400
43.771200
43.774500
43.777800
43.784400
43.817400
43.843800
43.850400
43.850400
43.870200
43.880100
43.903200
43.916400
43.939500
43.965900
43.992300
44.025300
44.048400
44.058300
44.071500
44.097900
44.134200
44.140800
44.173800
44.190300
44.220000
44.233200
44.262900
44.262900
44.262900
44.276100
44.305800
44.319000
44.328900
44.352000
44.355300
44.378400
44.385000
44.394900
44.408100
44.427900
44.460900
44.477400
44.497200
44.526900
44.556600
44.589600
44.622600
44.625900
44.635800
44.649000
44.655600
44.655600
44.675400
44.682000
44.715000
44.731500
44.734800
44.767800
44.771100
44.797500
44.814000
44.820600
44.823900
44.843700
44.860200
44.866800
44.896500
44.906400
44.936100
44.949300
44.962500
44.992200
44.998800
45.028500
45.048300
45.048300
45.064800
45.081300
45.107700
45.114300
45.137400
45.167100
45.167100
45.170400
45.200100
45.226500
45.256200
45.266100
45.289200
45.305700
45.335400
45.365100
45.398100
45.417900
45.434400
45.450900
45.480600
45.493800
45.513600
45.549900
45.576300
45.589500
45.622500
45.648900
45.658800
45.688500
45.714900
45.721500
45.744600
45.761100
45.764400
45.790800
45.794100
45.800700
45.813900
45.830400
45.830400
45.843600
45.879900
45.886500
45.919500
45.932700
45.949200
45.975600
45.995400
46.008600
46.018500
46.038300
46.058100
46.074600
46.081200
46.101000
46.120800
46.120800
46.124100
46.140600
46.167000
46.176900
46.193400
46.213200
46.223100
46.242900
46.269300
46.292400
46.292400
46.322100
46.335300
46.338600
46.371600
46.398000
46.398000
46.401300
46.401300
46.434300
46.464000
46.483800
46.503600
46.503600
46.516800
46.516800
46.533300
46.536600
46.549800
46.563000
46.572900
46.576200
46.589400
46.602600
46.622400
46.622400
46.629000
46.648800
46.655400
46.678500
46.691700
46.718100
46.718100
46.741200
46.767600
46.794000
46.827000
46.846800
46.873200
46.906200
46.912800
46.929300
46.962300
46.968900
46.992000
47.015100
47.048100
47.084400
47.100900
47.133900
47.147100
47.153700
47.163600
47.190000
47.226300
47.229600
47.229600
47.239500
47.272500
47.279100
47.305500
47.328600
47.361600
47.381400
47.411100
47.437500
47.444100
47.477100
47.510100
47.510100
47.533200
47.539800
47.566200
47.589300
47.609100
47.622300
47.658600
47.688300
47.714700
47.714700
47.731200
47.754300
47.757600
47.774100
47.800500
47.833500
47.850000
47.863200
47.886300
47.886300
47.902800
47.909400
47.919300
47.939100
47.962200
47.968800
47.978700
47.985300
47.995200
48.028200
48.057900
48.087600
48.104100
48.107400
48.120600
48.133800
48.160200
48.186600
48.189900
48.219600
48.242700
48.255900
48.275700
48.288900
48.308700
48.335100
48.345000
48.358200
48.378000
48.407700
48.414300
48.447300
48.480300
48.506700
48.526500
48.552900
48.585900
48.605700
48.612300
48.632100
48.655200
48.678300
48.701400
48.731100
48.767400
48.793800
48.800400
48.813600
48.836700
48.863100
48.892800
48.906000
48.925800
48.955500
48.958800
48.985200
48.991800
49.011600
49.031400
49.038000
49.061100
49.061100
49.064400
49.074300
49.110600
49.123800
49.143600
49.153500
49.176600
49.176600
49.203000
49.203000
49.203000
49.229400
49.239300
49.259100
49.262400
49.295400
49.315200
49.338300
49.358100
49.391100
49.391100
49.397700
49.404300
49.420800
49.450500
49.473600
49.493400
49.523100
49.536300
49.552800
49.559400
49.572600
49.582500
49.618800
49.625400
49.661700
49.671600
49.678200
49.691400
49.721100
49.731000
49.767300
49.777200
49.790400
49.803600
49.816800
49.836600
49.856400
49.869600
49.872900
49.876200
49.882800
49.912500
49.912500
49.938900
49.948800
49.965300
49.971900
49.975200
50.008200
50.044500
50.047800
50.067600
50.070900
50.100600
50.120400
50.123700
50.140200
50.153400
50.186400
50.206200
50.229300
50.235900
50.255700
50.255700
50.285400
50.311800
50.321700
50.321700
50.328300
50.334900
50.351400
50.367900
50.391000
50.417400
50.437200
50.440500
50.450400
50.453700
50.473500
50.503200
50.519700
50.552700
50.589000
50.608800
50.631900
50.648400
50.648400
50.674800
50.711100
50.717700
50.734200
50.760600
50.787000
50.787000
50.803500
50.833200
50.849700
50.866200
50.869500
50.886000
50.889300
50.892600
50.909100
50.935500
50.958600
50.971800
50.991600
51.021300
51.027900
51.060900
51.090600
51.117000
51.123600
51.140100
51.163200
51.176400
51.192900
51.202800
51.222600
51.245700
51.268800
51.285300
51.291900
51.305100
51.315000
51.338100
51.338100
51.364500
51.397500
51.400800
51.410700
51.410700
51.433800
51.440400
51.447000
51.460200
51.473400
51.476700
51.486600
51.499800
51.503100
51.519600
51.529500
51.529500
51.542700
51.555900
51.562500
51.565800
51.598800
51.615300
51.621900
51.658200
51.668100
51.681300
51.704400
51.730800
51.763800
51.786900
51.803400
51.810000
51.833100
51.836400
51.852900
51.862800
51.862800
51.895800
51.909000
51.918900
51.951900
51.961800
51.975000
51.994800
52.014600
52.037700
52.050900
52.057500
52.060800
52.074000
52.087200
52.113600
52.126800
52.159800
52.179600
52.196100
52.229100
52.258800
52.275300
52.275300
52.305000
52.318200
52.324800
52.328100
52.354500
52.367700
52.377600
52.394100
52.413900
52.437000
52.453500
52.479900
52.512900
52.542600
52.572300
52.585500
52.605300
52.621800
52.651500
52.681200
52.681200
52.694400
52.710900
52.734000
52.753800
52.770300
52.793400
52.796700
52.833000
52.849500
52.859400
52.885800
52.905600
52.905600
52.941900
52.951800
52.961700
52.971600
52.981500
53.007900
53.021100
53.031000
53.040900
53.040900
53.073900
53.083800
53.103600
53.133300
53.139900
53.172900
53.189400
53.196000
53.229000
53.258700
53.281800
53.301600
53.308200
53.308200
53.331300
53.351100
53.367600
53.387400
53.397300
53.430300
53.453400
53.483100
53.486400
53.512800
53.535900
53.545800
53.565600
53.568900
53.575500
53.588700
53.615100
53.615100
53.618400
53.628300
53.638200
53.671200
53.671200
53.704200
53.724000
53.750400
53.763600
53.790000
53.793300
53.806500
53.829600
53.852700
53.856000
53.865900
53.882400
53.892300
53.912100
53.935200
53.948400
53.968200
53.981400
53.981400
53.984700
53.997900
54.001200
54.017700
54.027600
54.054000
54.083700
54.093600
54.096900
54.100200
54.133200
54.153000
54.159600
54.176100
54.182700
54.212400
54.238800
54.242100
54.242100
54.255300
54.258600
54.291600
54.294900
54.331200
54.360900
54.390600
54.403800
54.423600
54.433500
54.456600
54.483000
54.499500
54.529200
54.545700
54.552300
54.552300
54.575400
54.608400
54.641400
54.641400
54.657900
54.684300
54.697500
54.717300
54.720600
54.740400
54.743700
54.770100
54.806400
54.809700
54.842700
54.859200
54.875700
54.895500
54.925200
54.935100
54.945000
54.961500
54.991200
55.017600
55.040700
55.063800
55.096800
55.103400
55.129800
55.159500
55.189200
55.192500
55.212300
55.225500
55.245300
55.255200
55.258500
55.265100
55.281600
55.288200
55.291500
55.294800
55.304700
55.327800
55.350900
55.377300
55.410300
55.423500
55.440000
55.453200
55.459800
55.492800
55.525800
55.529100
55.558800
55.568700
55.588500
55.611600
55.628100
55.657800
55.674300
55.680900
55.690800
55.720500
55.753500
55.783200
55.789800
55.799700
55.816200
55.826100
55.852500
55.855800
55.888800
55.921800
55.935000
55.941600
55.964700
55.987800
55.991100
56.010900
56.017500
56.043900
56.060400
56.070300
56.080200
56.093400
56.109900
56.116500
56.116500
56.123100
56.136300
56.146200
56.169300
56.195700
56.225400
56.228700
56.258400
56.288100
56.304600
56.307900
56.324400
56.357400
56.364000
56.367300
56.393700
56.410200
56.416800
56.449800
56.469600
56.499300
56.509200
56.535600
56.538900
56.545500
56.558700
56.558700
56.565300
56.578500
56.611500
56.637900
56.657700
56.661000
56.680800
56.707200
56.730300
56.736900
56.763300
56.783100
56.796300
56.829300
56.839200
56.868900
56.888700
56.911800
56.938200
56.967900
56.974500
56.984400
56.991000
57.024000
57.024000
57.057000
57.086700
57.103200
57.139500
57.146100
57.146100
57.152700
57.165900
57.172500
57.205500
57.235200
57.255000
57.284700
57.294600
57.317700
57.334200
57.357300
57.357300
57.387000
57.416700
57.416700
57.429900
57.453000
57.469500
57.482700
57.495900
57.512400
57.542100
57.568500
57.598200
57.614700
57.614700
57.614700
57.647700
57.651000
57.670800
57.693900
57.697200
57.697200
57.703800
57.723600
57.733500
57.766500
57.783000
57.789600
57.802800
57.816000
57.819300
57.819300
57.829200
57.858900
57.858900
57.878700
57.901800
57.908400
57.918300
57.931500
57.931500
57.934800
57.954600
57.974400
57.974400
57.987600
58.004100
58.030500
58.050300
58.086600
58.103100
58.136100
58.149300
58.162500
58.188900
58.205400
58.208700
58.212000
58.228500
58.261500
58.264800
58.291200
58.291200
58.320900
58.347300
58.353900
58.386900
58.419900
58.439700
58.469400
58.489200
58.489200
58.515600
58.518900
58.532100
58.548600
58.548600
58.548600
58.558500
58.575000
58.594800
58.614600
58.644300
58.670700
58.677300
58.677300
58.690500
58.713600
58.746600
58.773000
58.773000
58.799400
58.815900
58.835700
58.852200
58.878600
58.891800
58.901700
58.918200
58.921500
58.941300
58.951200
58.967700
58.994100
59.027100
59.030400
59.046900
59.066700
59.086500
59.103000
59.106300
59.129400
59.139300
59.169000
59.198700
59.225100
59.228400
59.248200
59.274600
59.284500
59.297700
59.327400
59.327400
59.350500
59.383500
59.406600
59.436300
59.446200
59.482500
59.512200
59.525400
59.545200
59.555100
59.574900
59.601300
59.614500
59.644200
59.647500
59.680500
59.716800
59.716800
59.749800
59.763000
59.766300
59.786100
59.805900
59.819100
59.819100
59.829000
59.855400
59.888400
59.914800
59.914800
59.931300
59.947800
59.974200
60.003900
60.036900
60.056700
60.083100
60.106200
60.119400
60.135900
60.145800
60.149100
60.175500
60.178800
60.188700
60.211800
60.248100
60.254700
60.264600
60.287700
60.304200
60.317400
60.327300
60.337200
60.343800
60.373500
60.376800
60.393300
60.416400
60.423000
60.442800
60.472500
60.498900
60.528600
60.545100
60.561600
60.591300
60.597900
60.601200
60.621000
60.624300
60.624300
60.640800
60.670500
60.690300
60.720000
60.733200
60.736500
60.769500
60.776100
60.802500
60.832200
60.835500
60.842100
60.865200
60.888300
60.908100
60.934500
60.937800
60.967500
60.984000
60.987300
61.007100
61.020300
61.040100
61.056600
61.079700
61.099500
61.112700
61.145700
61.172100
61.198500
61.221600
61.238100
61.244700
61.264500
61.281000
61.290900
61.300800
61.323900
61.327200
61.347000
61.363500
61.370100
61.399800
61.399800
61.422900
61.449300
61.462500
61.465800
61.479000
61.479000
61.479000
61.482300
61.508700
61.512000
61.545000
61.548300
61.584600
61.584600
61.611000
61.640700
61.660500
61.660500
61.686900
61.719900
61.726500
61.729800
61.743000
61.769400
61.792500
61.809000
61.828800
61.855200
61.881600
61.888200
61.898100
61.927800
61.931100
61.931100
61.967400
62.003700
62.033400
62.059800
62.076300
62.112600
62.132400
62.162100
62.168700
62.198400
62.205000
62.221500
62.244600
62.264400
62.277600
62.307300
62.327100
62.350200
62.350200
62.353500
62.373300
62.393100
62.406300
62.419500
62.432700
62.462400
62.462400
62.475600
62.475600
62.475600
62.488800
62.515200
62.528400
62.564700
62.571300
62.587800
62.591100
62.601000
62.617500
62.634000
62.657100
62.690100
62.706600
62.742900
62.779200
62.802300
62.815500
62.845200
62.868300
62.874900
62.884800
62.907900
62.911200
62.940900
62.950800
62.964000
62.993700
63.003600
63.010200
63.023400
63.056400
63.076200
63.089400
63.105900
63.135600
63.152100
63.158700
63.191700
63.224700
63.247800
63.247800
63.261000
63.270900
63.294000
63.300600
63.323700
63.343500
63.376500
63.412800
63.412800
63.412800
63.439200
63.468900
63.495300
63.518400
63.525000
63.558000
63.574500
63.600900
63.617400
63.640500
63.647100
63.666900
63.680100
63.706500
63.732900
63.759300
63.769200
63.795600
63.818700
63.825300
63.851700
63.864900
63.891300
63.911100
63.914400
63.930900
63.960600
63.983700
63.996900
64.029900
64.043100
64.046400
64.053000
64.066200
64.082700
64.105800
64.112400
64.142100
64.155300
64.188300
64.194900
64.208100
64.234500
64.267500
64.284000
64.284000
64.313700
64.317000
64.350000
64.366500
64.399500
64.429200
64.442400
64.475400
64.508400
64.541400
64.544700
64.574400
64.581000
64.587600
64.587600
64.597500
64.614000
64.627200
64.637100
64.670100
64.693200
64.719600
64.719600
64.722900
64.755900
64.762500
64.792200
64.815300
64.835100
64.861500
64.878000
64.887900
64.920900
64.920900
64.920900
64.930800
64.963800
64.977000
65.003400
65.013300
65.029800
65.049600
65.085900
65.112300
65.128800
65.135400
65.158500
65.191500
65.221200
65.227800
65.237700
65.247600
65.264100
65.293800
65.316900
65.323500
65.333400
65.333400
65.353200
65.363100
65.386200
65.419200
65.432400
65.448900
65.458800
65.472000
65.475300
65.508300
65.534700
65.554500
65.561100
65.574300
65.590800
65.620500
65.630400
65.633700
65.660100
65.660100
65.666700
65.686500
65.716200
65.726100
65.752500
65.765700
65.792100
65.798700
65.805300
65.821800
65.851500
65.877900
65.894400
65.894400
65.917500
65.924100
65.934000
65.940600
65.940600
65.967000
65.970300
65.996700
65.996700
65.996700
65.996700
65.996700
65.996700
65.996700
65.996700
65.996700
65.996700
65.996700
65.996700
65.996700
65.996700
65.996700
65.996700
65.996700
65.996700
65.996700
65.996700
65.996700
65.996700
65.996700
65.996700
65.996700
65.996700
65.996700
65.996700
65.996700
65.996700
65.996700
65.996700
65.996700
65.996700
